5639360 
73319360 
140999360 
208679360 
276359360 
344039360 
411719360 
479399360 
547079360 
614759360 
682439360 
750119360 
817799360 
885479360 
953159360 
1020839360 
1088519360 
1156199360 
1223879360 
1291559360 
1359239360 
1426919360 
1494599360 
1562279360 
1629959360 
1697639360 
1765319360 
1832999360 
1900679360 
1968359360 
2036039360 
2103719360 
2171399360 
2239079360 
2306759360 
2374439360 
2442119360 
2509799360 
2577479360 
2645159360 
2712839360 
2780519360 
2848199360 
2915879360 
2983559360 
3051239360 
3118919360 
3186599360 
3254279360 
3321959360 
3389639360 
3457319360 
3524999360 
3592679360 
3660359360 
3728039360 
3795719360 
3863399360 
3931079360 
3998759360 
4066439360 
4134119360 
4201799360 
4269479360 
4337159360 
4404839360 
4472519360 
4540199360 
4607879360 
4675559360 
4743239360 
4810919360 
4878599360 
4946279360 
5013959360 
5081639360 
5149319360 
5216999360 
5284679360 
5352359360 
5420039360 

5632160
72592160
139552160
206512160
273472160
340432160
407392160
474352160
541312160
608272160
675232160
742192160
809152160
876112160
943072160
1010032160
1076992160
1143952160
1210912160
1277872160
1344832160
1411792160
1478752160
1545712160
1612672160
1679632160
1746592160
1813552160
1880512160
1947472160
2014432160
2081392160
2148352160
2215312160
2282272160
2349232160
2416192160
2483152160
2550112160
2617072160
2684032160
2750992160
2817952160
2884912160
2951872160
3018832160
3085792160
3152752160
3219712160
3286672160
3353632160
3420592160
3487552160
3554512160
3621472160
3688432160
3755392160
3822352160
3889312160
3956272160
4023232160
4090192160
4157152160
4224112160
4291072160
4358032160
4424992160
4491952160
4558912160
4625872160
4692832160
4759792160
4826752160
4893712160
4960672160
5027632160
5094592160
5161552160
5228512160
5295472160
